Accuracy: 0.8189655172413793
Precision: 0.8309859154929577
Recall: 0.8676470588235294
F1-score: 0.8489208633093526
ROC AUC: 0.8694852941176472
Log Loss: 0.6408648844536631
