Accuracy: 0.8041237113402062
Precision: 0.8245614035087719
Recall: 0.8392857142857143
F1-score: 0.8318584070796461
ROC AUC: 0.8554006968641116
Log Loss: 0.6644948312711765
