Accuracy: 0.8144329896907216
Precision: 0.8166666666666667
Recall: 0.875
F1-score: 0.8448275862068966
ROC AUC: 0.8410278745644599
Log Loss: 0.5507791493320822
